EG/2018/3382 11.000000 12.000000 13.000000 26.000000
EG/2018/3383 12.000000 8.000000 12.000000 46.000000
EG/2018/3384 13.000000 12.000000 18.000000 34.000000
EG/2018/3385 9.000000 11.000000 14.000000 34.000000
EG/2018/3386 10.000000 14.000000 16.000000 36.000000
EG/2018/3387 13.000000 12.000000 16.000000 28.000000
EG/2018/3388 13.000000 11.000000 14.000000 41.000000
EG/2018/3389 8.000000 12.000000 15.000000 39.000000
EG/2018/3390 7.000000 8.000000 17.000000 14.000000
EG/2018/3391 8.000000 11.000000 19.000000 37.000000
EG/2018/3392 3.000000 12.000000 14.000000 38.000000
EG/2018/3393 5.000000 14.000000 16.000000 27.000000
EG/2018/3394 13.000000 12.000000 16.000000 15.000000
EG/2018/3395 13.000000 11.000000 19.000000 37.000000
EG/2018/3396 13.000000 8.000000 12.000000 11.000000
EG/2018/3397 12.000000 12.000000 12.000000 26.000000
EG/2018/3398 12.000000 14.000000 15.000000 39.000000
EG/2018/3399 11.000000 12.000000 13.000000 27.000000
EG/2018/3400 14.000000 8.000000 10.000000 38.000000
EG/2018/3500 15.000000 11.000000 18.000000 38.000000
EG/2018/3501 13.000000 12.000000 12.000000 26.000000
EG/2018/3502 12.000000 8.000000 18.000000 38.000000
EG/2018/3504 15.000000 11.000000 12.000000 26.000000
EG/2018/3505 13.000000 14.000000 16.000000 27.000000
EG/2018/3506 15.000000 11.000000 11.000000 20.000000
EG/2018/3507 13.000000 8.000000 12.000000 30.000000
EG/2018/3508 12.000000 11.000000 12.000000 38.000000
EG/2018/3509 13.000000 12.000000 18.000000 19.000000
EG/2018/3510 12.000000 8.000000 18.000000 38.000000
EG/2018/3511 13.000000 11.000000 11.000000 39.000000
EG/2018/3512 1.000000 12.000000 13.000000 40.000000
EG/2018/3513 13.000000 12.000000 18.000000 27.000000
EG/2018/3514 13.000000 8.000000 18.000000 38.000000
EG/2018/3515 15.000000 11.000000 17.000000 38.000000
EG/2018/3516 12.000000 8.000000 18.000000 29.000000
EG/2018/3517 13.000000 10.000000 12.000000 38.000000
EG/2018/3518 13.000000 12.000000 11.000000 33.000000
EG/2018/3519 8.000000 14.000000 18.000000 27.000000
EG/2018/3520 3.000000 10.000000 12.000000 38.000000
EG/2018/3521 11.000000 12.000000 18.000000 30.000000
EG/2018/3522 11.000000 14.000000 19.000000 27.000000
EG/2018/3523 13.000000 12.000000 18.000000 22.000000
EG/2018/3524 13.000000 11.000000 18.000000 38.000000
EG/2018/3525 10.000000 8.000000 18.000000 38.000000
EG/2018/3526 13.000000 8.000000 12.000000 27.000000
EG/2018/3527 10.000000 12.000000 18.000000 38.000000
EG/2018/3528 11.000000 10.000000 11.000000 44.000000
EG/2018/3529 11.000000 8.000000 18.000000 38.000000
EG/2018/3530 11.000000 12.000000 15.000000 38.000000
EG/2018/3531 11.000000 11.000000 12.000000 28.000000
EG/2018/3532 11.000000 12.000000 18.000000 38.000000
EG/2018/3533 12.000000 12.000000 17.000000 41.000000
EG/2018/3534 12.000000 8.000000 18.000000 36.000000
EG/2018/3535 15.000000 11.000000 11.000000 38.000000
EG/2018/3536 13.000000 10.000000 19.000000 21.000000
EG/2018/3537 12.000000 12.000000 12.000000 38.000000
EG/2018/3538 13.000000 10.000000 18.000000 44.000000
EG/2018/3539 14.000000 8.000000 18.000000 38.000000
EG/2018/3540 15.000000 12.000000 12.000000 38.000000
EG/2018/3541 10.000000 14.000000 11.000000 41.000000
EG/2018/3542 10.000000 11.000000 12.000000 38.000000
EG/2018/3543 10.000000 12.000000 18.000000 20.000000
EG/2018/3544 13.000000 8.000000 12.000000 38.000000
EG/2018/3545 10.000000 14.000000 14.000000 37.000000
EG/2018/3546 13.000000 12.000000 18.000000 38.000000
EG/2018/3547 10.000000 14.000000 12.000000 24.000000
EG/2018/3548 13.000000 10.000000 11.000000 38.000000
EG/2018/3549 13.000000 11.000000 18.000000 38.000000
EG/2018/3550 12.000000 8.000000 13.000000 38.000000
EG/2018/3551 13.000000 12.000000 18.000000 41.000000
EG/2018/3552 12.000000 14.000000 11.000000 38.000000
EG/2018/3553 13.000000 10.000000 12.000000 33.000000
EG/2018/3554 14.000000 14.000000 18.000000 41.000000
EG/2018/3555 13.000000 11.000000 17.000000 42.000000
EG/2018/3556 12.000000 8.000000 18.000000 38.000000
EG/2018/3557 13.000000 12.000000 11.000000 38.000000
EG/2018/3558 11.000000 15.000000 12.000000 15.000000
EG/2018/3559 13.000000 10.000000 16.000000 22.000000
EG/2018/3560 15.000000 11.000000 18.000000 38.000000
EG/2018/3561 13.000000 12.000000 18.000000 41.000000
EG/2018/3562 12.000000 8.000000 12.000000 38.000000
EG/2018/3563 13.000000 10.000000 18.000000 38.000000
EG/2018/3564 12.000000 12.000000 13.000000 38.000000
EG/2018/3565 13.000000 11.000000 18.000000 15.000000
EG/2018/3566 11.000000 11.000000 18.000000 38.000000
EG/2018/3567 13.000000 12.000000 12.000000 40.000000
EG/2018/3568 13.000000 15.000000 18.000000 38.000000
EG/2018/3569 11.000000 12.000000 14.000000 42.000000
EG/2018/3570 11.000000 10.000000 18.000000 19.000000
EG/2018/3571 13.000000 10.000000 12.000000 38.000000
EG/2018/3572 13.000000 12.000000 11.000000 25.000000
EG/2018/3573 10.000000 11.000000 17.000000 38.000000
EG/2018/3574 10.000000 10.000000 18.000000 38.000000
EG/2018/3575 13.000000 15.000000 12.000000 39.000000
EG/2018/3576 13.000000 12.000000 18.000000 38.000000
EG/2018/3577 12.000000 12.000000 12.000000 42.000000
EG/2018/3578 13.000000 15.000000 11.000000 38.000000
EG/2018/3579 12.000000 10.000000 16.000000 27.000000
EG/2018/3580 13.000000 14.000000 18.000000 32.000000
EG/2018/3581 11.000000 11.000000 12.000000 42.000000
